#log T	log cool/n2
5.00	-21.276
5.10	-21.322
5.20	-21.324
5.30	-21.300
5.40	-21.291
5.50	-21.465
5.60	-21.674
5.70	-21.725
5.80	-21.778
5.90	-21.807
6.00	-21.814
6.10	-21.837
6.20	-21.892
6.30	-22.070
6.40	-22.252
6.50	-22.387
6.60	-22.467
6.70	-22.497
6.80	-22.503
6.90	-22.493
7.00	-22.491
7.10	-22.535
7.20	-22.611
7.30	-22.658
7.40	-22.670
7.50	-22.660
7.60	-22.634
7.70	-22.601
7.80	-22.564
7.90	-22.526
8.00	-22.489
8.10	-22.450
8.20	-22.410
8.30	-22.369
8.40	-22.324
8.50	-22.280
8.60	-22.231
8.70	-22.183
8.80	-22.132
8.90	-22.079
9.00	-22.026
