1 -27.891
1.01 -27.8719
1.02 -27.8528
1.03 -27.8335
1.04 -27.8139
1.05 -27.7941
1.06 -27.7738
1.07 -27.753
1.08 -27.7317
1.09 -27.7097
1.1 -27.687
1.11 -27.6635
1.12 -27.6392
1.13 -27.6142
1.14 -27.5884
1.15 -27.5619
1.16 -27.5348
1.17 -27.507
1.18 -27.4786
1.19 -27.4496
1.2 -27.42
1.21 -27.3899
1.22 -27.3593
1.23 -27.3283
1.24 -27.2968
1.25 -27.2651
1.26 -27.233
1.27 -27.2007
1.28 -27.1683
1.29 -27.1357
1.3 -27.103
1.31 -27.0703
1.32 -27.0376
1.33 -27.0049
1.34 -26.9724
1.35 -26.9399
1.36 -26.9076
1.37 -26.8756
1.38 -26.8437
1.39 -26.8122
1.4 -26.781
1.41 -26.7501
1.42 -26.7197
1.43 -26.6895
1.44 -26.6598
1.45 -26.6304
1.46 -26.6014
1.47 -26.5727
1.48 -26.5444
1.49 -26.5165
1.5 -26.489
1.51 -26.4618
1.52 -26.435
1.53 -26.4086
1.54 -26.3826
1.55 -26.3569
1.56 -26.3316
1.57 -26.3066
1.58 -26.2821
1.59 -26.2578
1.6 -26.234
1.61 -26.2105
1.62 -26.1874
1.63 -26.1646
1.64 -26.1422
1.65 -26.1201
1.66 -26.0983
1.67 -26.0768
1.68 -26.0556
1.69 -26.0346
1.7 -26.014
1.71 -25.9936
1.72 -25.9735
1.73 -25.9536
1.74 -25.9338
1.75 -25.9143
1.76 -25.895
1.77 -25.8758
1.78 -25.8568
1.79 -25.8378
1.8 -25.819
1.81 -25.8003
1.82 -25.7816
1.83 -25.763
1.84 -25.7445
1.85 -25.7261
1.86 -25.7078
1.87 -25.6895
1.88 -25.6713
1.89 -25.6531
1.9 -25.635
1.91 -25.617
1.92 -25.599
1.93 -25.581
1.94 -25.5631
1.95 -25.5452
1.96 -25.5274
1.97 -25.5095
1.98 -25.4917
1.99 -25.4738
2 -25.456
2.01 -25.4382
2.02 -25.4203
2.03 -25.4025
2.04 -25.3847
2.05 -25.3669
2.06 -25.3492
2.07 -25.3315
2.08 -25.3139
2.09 -25.2964
2.1 -25.279
2.11 -25.2617
2.12 -25.2445
2.13 -25.2274
2.14 -25.2105
2.15 -25.1937
2.16 -25.177
2.17 -25.1605
2.18 -25.1442
2.19 -25.128
2.2 -25.112
2.21 -25.0962
2.22 -25.0806
2.23 -25.0651
2.24 -25.0499
2.25 -25.0348
2.26 -25.0199
2.27 -25.0052
2.28 -24.9906
2.29 -24.9762
2.3 -24.962
2.31 -24.9479
2.32 -24.9341
2.33 -24.9204
2.34 -24.9068
2.35 -24.8935
2.36 -24.8804
2.37 -24.8675
2.38 -24.8547
2.39 -24.8423
2.4 -24.83
2.41 -24.818
2.42 -24.8062
2.43 -24.7946
2.44 -24.7832
2.45 -24.7721
2.46 -24.7611
2.47 -24.7503
2.48 -24.7397
2.49 -24.7293
2.5 -24.719
2.51 -24.7089
2.52 -24.6989
2.53 -24.6891
2.54 -24.6795
2.55 -24.67
2.56 -24.6607
2.57 -24.6515
2.58 -24.6425
2.59 -24.6337
2.6 -24.625
2.61 -24.6165
2.62 -24.6082
2.63 -24.6
2.64 -24.592
2.65 -24.5841
2.66 -24.5764
2.67 -24.5688
2.68 -24.5614
2.69 -24.5541
2.7 -24.547
2.71 -24.54
2.72 -24.5331
2.73 -24.5264
2.74 -24.5197
2.75 -24.5132
2.76 -24.5068
2.77 -24.5005
2.78 -24.4942
2.79 -24.4881
2.8 -24.482
2.81 -24.476
2.82 -24.47
2.83 -24.4642
2.84 -24.4584
2.85 -24.4526
2.86 -24.447
2.87 -24.4414
2.88 -24.4358
2.89 -24.4304
2.9 -24.425
2.91 -24.4197
2.92 -24.4144
2.93 -24.4093
2.94 -24.4042
2.95 -24.3991
2.96 -24.3942
2.97 -24.3893
2.98 -24.3844
2.99 -24.3797
3 -24.375
3.01 -24.3704
3.02 -24.3658
3.03 -24.3613
3.04 -24.3569
3.05 -24.3525
3.06 -24.3481
3.07 -24.3438
3.08 -24.3395
3.09 -24.3352
3.1 -24.331
3.11 -24.3268
3.12 -24.3226
3.13 -24.3184
3.14 -24.3142
3.15 -24.31
3.16 -24.3058
3.17 -24.3017
3.18 -24.2975
3.19 -24.2932
3.2 -24.289
3.21 -24.2847
3.22 -24.2805
3.23 -24.2761
3.24 -24.2718
3.25 -24.2674
3.26 -24.263
3.27 -24.2586
3.28 -24.2541
3.29 -24.2496
3.3 -24.245
3.31 -24.2404
3.32 -24.2357
3.33 -24.231
3.34 -24.2262
3.35 -24.2213
3.36 -24.2163
3.37 -24.2112
3.38 -24.2059
3.39 -24.2005
3.4 -24.195
3.41 -24.1893
3.42 -24.1835
3.43 -24.1775
3.44 -24.1713
3.45 -24.165
3.46 -24.1585
3.47 -24.1518
3.48 -24.1451
3.49 -24.1381
3.5 -24.131
3.51 -24.1237
3.52 -24.1163
3.53 -24.1088
3.54 -24.101
3.55 -24.0931
3.56 -24.085
3.57 -24.0768
3.58 -24.0684
3.59 -24.0598
3.6 -24.051
3.61 -24.042
3.62 -24.0329
3.63 -24.0235
3.64 -24.014
3.65 -24.0042
3.66 -23.9942
3.67 -23.984
3.68 -23.9736
3.69 -23.9629
3.7 -23.952
3.71 -23.9408
3.72 -23.9294
3.73 -23.9177
3.74 -23.9057
3.75 -23.8933
3.76 -23.8807
3.77 -23.8676
3.78 -23.8541
3.79 -23.8403
3.8 -23.826
3.81 -23.8113
3.82 -23.796
3.83 -23.7801
3.84 -23.7636
3.85 -23.7464
3.86 -23.7284
3.87 -23.7095
3.88 -23.6897
3.89 -23.6689
3.9 -23.647
3.91 -23.624
3.92 -23.5996
3.93 -23.5736
3.94 -23.5458
3.95 -23.516
3.96 -23.484
3.97 -23.4495
3.98 -23.4123
3.99 -23.3722
4 -23.329
4.01 -23.2825
4.02 -23.2327
4.03 -23.1796
4.04 -23.1234
4.05 -23.0641
4.06 -23.0018
4.07 -22.9364
4.08 -22.8681
4.09 -22.797
4.1 -22.723
4.11 -22.6464
4.12 -22.5682
4.13 -22.4893
4.14 -22.4108
4.15 -22.3339
4.16 -22.2594
4.17 -22.1885
4.18 -22.1223
4.19 -22.0618
4.2 -22.008
4.21 -21.9618
4.22 -21.9229
4.23 -21.8909
4.24 -21.8653
4.25 -21.8457
4.26 -21.8315
4.27 -21.8223
4.28 -21.8176
4.29 -21.817
4.3 -21.82
4.31 -21.8261
4.32 -21.8347
4.33 -21.8455
4.34 -21.8578
4.35 -21.8712
4.36 -21.8852
4.37 -21.8991
4.38 -21.9126
4.39 -21.925
4.4 -21.936
4.41 -21.945
4.42 -21.9522
4.43 -21.9575
4.44 -21.9613
4.45 -21.9635
4.46 -21.9644
4.47 -21.9641
4.48 -21.9626
4.49 -21.9602
4.5 -21.957
4.51 -21.9531
4.52 -21.9484
4.53 -21.943
4.54 -21.9369
4.55 -21.9301
4.56 -21.9224
4.57 -21.914
4.58 -21.9048
4.59 -21.8948
4.6 -21.884
4.61 -21.8723
4.62 -21.8599
4.63 -21.8466
4.64 -21.8326
4.65 -21.8177
4.66 -21.8022
4.67 -21.7859
4.68 -21.769
4.69 -21.7513
4.7 -21.733
4.71 -21.714
4.72 -21.6945
4.73 -21.6745
4.74 -21.6541
4.75 -21.6333
4.76 -21.6123
4.77 -21.5911
4.78 -21.5697
4.79 -21.5483
4.8 -21.527
4.81 -21.5058
4.82 -21.4848
4.83 -21.4642
4.84 -21.4441
4.85 -21.4246
4.86 -21.4059
4.87 -21.388
4.88 -21.3712
4.89 -21.3554
4.9 -21.341
4.91 -21.3279
4.92 -21.3163
4.93 -21.306
4.94 -21.2972
4.95 -21.2899
4.96 -21.2841
4.97 -21.2798
4.98 -21.277
4.99 -21.2757
5 -21.276
5.01 -21.2778
5.02 -21.281
5.03 -21.2852
5.04 -21.2902
5.05 -21.2957
5.06 -21.3015
5.07 -21.3073
5.08 -21.3128
5.09 -21.3178
5.1 -21.322
5.11 -21.3252
5.12 -21.3275
5.13 -21.3289
5.14 -21.3296
5.15 -21.3297
5.16 -21.3292
5.17 -21.3283
5.18 -21.327
5.19 -21.3256
5.2 -21.324
5.21 -21.3224
5.22 -21.3207
5.23 -21.3189
5.24 -21.317
5.25 -21.3149
5.26 -21.3126
5.27 -21.31
5.28 -21.307
5.29 -21.3037
5.3 -21.3
5.31 -21.2959
5.32 -21.2916
5.33 -21.2876
5.34 -21.284
5.35 -21.2813
5.36 -21.2797
5.37 -21.2795
5.38 -21.2812
5.39 -21.2849
5.4 -21.291
5.41 -21.2998
5.42 -21.311
5.43 -21.3246
5.44 -21.3402
5.45 -21.3577
5.46 -21.3768
5.47 -21.3973
5.48 -21.419
5.49 -21.4416
5.5 -21.465
5.51 -21.4889
5.52 -21.513
5.53 -21.5369
5.54 -21.5604
5.55 -21.5832
5.56 -21.6048
5.57 -21.625
5.58 -21.6435
5.59 -21.66
5.6 -21.674
5.61 -21.6854
5.62 -21.6945
5.63 -21.7016
5.64 -21.7071
5.65 -21.7112
5.66 -21.7144
5.67 -21.7171
5.68 -21.7195
5.69 -21.722
5.7 -21.725
5.71 -21.7287
5.72 -21.7332
5.73 -21.7382
5.74 -21.7437
5.75 -21.7494
5.76 -21.7553
5.77 -21.7613
5.78 -21.7671
5.79 -21.7727
5.8 -21.778
5.81 -21.7828
5.82 -21.7871
5.83 -21.791
5.84 -21.7944
5.85 -21.7974
5.86 -21.8
5.87 -21.8023
5.88 -21.8042
5.89 -21.8057
5.9 -21.807
5.91 -21.808
5.92 -21.8087
5.93 -21.8093
5.94 -21.8098
5.95 -21.8102
5.96 -21.8107
5.97 -21.8112
5.98 -21.8119
5.99 -21.8128
6 -21.814
6.01 -21.8155
6.02 -21.8173
6.03 -21.8193
6.04 -21.8216
6.05 -21.824
6.06 -21.8265
6.07 -21.8291
6.08 -21.8318
6.09 -21.8344
6.1 -21.837
6.11 -21.8395
6.12 -21.8422
6.13 -21.8452
6.14 -21.8487
6.15 -21.8529
6.16 -21.8581
6.17 -21.8643
6.18 -21.872
6.19 -21.8811
6.2 -21.892
6.21 -21.9048
6.22 -21.9192
6.23 -21.9352
6.24 -21.9525
6.25 -21.9708
6.26 -21.9899
6.27 -22.0096
6.28 -22.0296
6.29 -22.0499
6.3 -22.07
6.31 -22.0899
6.32 -22.1094
6.33 -22.1286
6.34 -22.1475
6.35 -22.166
6.36 -22.184
6.37 -22.2017
6.38 -22.2189
6.39 -22.2357
6.4 -22.252
6.41 -22.2678
6.42 -22.2831
6.43 -22.298
6.44 -22.3123
6.45 -22.3261
6.46 -22.3393
6.47 -22.3521
6.48 -22.3643
6.49 -22.3759
6.5 -22.387
6.51 -22.3975
6.52 -22.4075
6.53 -22.4169
6.54 -22.4258
6.55 -22.4341
6.56 -22.4418
6.57 -22.4489
6.58 -22.4555
6.59 -22.4615
6.6 -22.467
6.61 -22.4719
6.62 -22.4763
6.63 -22.4801
6.64 -22.4836
6.65 -22.4866
6.66 -22.4892
6.67 -22.4916
6.68 -22.4936
6.69 -22.4954
6.7 -22.497
6.71 -22.4984
6.72 -22.4997
6.73 -22.5007
6.74 -22.5016
6.75 -22.5023
6.76 -22.5028
6.77 -22.5032
6.78 -22.5033
6.79 -22.5033
6.8 -22.503
6.81 -22.5025
6.82 -22.5019
6.83 -22.5011
6.84 -22.5002
6.85 -22.4991
6.86 -22.498
6.87 -22.4968
6.88 -22.4955
6.89 -22.4943
6.9 -22.493
6.91 -22.4918
6.92 -22.4906
6.93 -22.4896
6.94 -22.4888
6.95 -22.4883
6.96 -22.488
6.97 -22.4881
6.98 -22.4886
6.99 -22.4895
7 -22.491
7.01 -22.493
7.02 -22.4956
7.03 -22.4988
7.04 -22.5024
7.05 -22.5066
7.06 -22.5113
7.07 -22.5165
7.08 -22.5222
7.09 -22.5284
7.1 -22.535
7.11 -22.5421
7.12 -22.5495
7.13 -22.5572
7.14 -22.5651
7.15 -22.573
7.16 -22.581
7.17 -22.5889
7.18 -22.5965
7.19 -22.604
7.2 -22.611
7.21 -22.6176
7.22 -22.6238
7.23 -22.6295
7.24 -22.6348
7.25 -22.6396
7.26 -22.6441
7.27 -22.6481
7.28 -22.6518
7.29 -22.6551
7.3 -22.658
7.31 -22.6606
7.32 -22.6628
7.33 -22.6646
7.34 -22.6662
7.35 -22.6675
7.36 -22.6685
7.37 -22.6692
7.38 -22.6697
7.39 -22.67
7.4 -22.67
7.41 -22.6699
7.42 -22.6695
7.43 -22.669
7.44 -22.6682
7.45 -22.6673
7.46 -22.6662
7.47 -22.665
7.48 -22.6635
7.49 -22.6618
7.5 -22.66
7.51 -22.658
7.52 -22.6558
7.53 -22.6535
7.54 -22.651
7.55 -22.6484
7.56 -22.6457
7.57 -22.6429
7.58 -22.64
7.59 -22.637
7.6 -22.634
7.61 -22.6309
7.62 -22.6278
7.63 -22.6246
7.64 -22.6214
7.65 -22.6181
7.66 -22.6148
7.67 -22.6114
7.68 -22.608
7.69 -22.6045
7.7 -22.601
7.71 -22.5974
7.72 -22.5938
7.73 -22.5902
7.74 -22.5865
7.75 -22.5828
7.76 -22.5791
7.77 -22.5754
7.78 -22.5716
7.79 -22.5678
7.8 -22.564
7.81 -22.5602
7.82 -22.5564
7.83 -22.5525
7.84 -22.5487
7.85 -22.5449
7.86 -22.5411
7.87 -22.5373
7.88 -22.5335
7.89 -22.5297
7.9 -22.526
7.91 -22.5223
7.92 -22.5186
7.93 -22.5149
7.94 -22.5112
7.95 -22.5076
7.96 -22.5039
7.97 -22.5002
7.98 -22.4965
7.99 -22.4928
8 -22.489
8.01 -22.4852
8.02 -22.4814
8.03 -22.4775
8.04 -22.4737
8.05 -22.4698
8.06 -22.4658
8.07 -22.4619
8.08 -22.4579
8.09 -22.454
8.1 -22.45
8.11 -22.446
8.12 -22.442
8.13 -22.438
8.14 -22.434
8.15 -22.43
8.16 -22.426
8.17 -22.422
8.18 -22.418
8.19 -22.414
8.2 -22.41
8.21 -22.406
8.22 -22.402
8.23 -22.398
8.24 -22.394
8.25 -22.3899
8.26 -22.3859
8.27 -22.3817
8.28 -22.3775
8.29 -22.3733
8.3 -22.369
8.31 -22.3646
8.32 -22.3602
8.33 -22.3557
8.34 -22.3512
8.35 -22.3466
8.36 -22.342
8.37 -22.3375
8.38 -22.333
8.39 -22.3285
8.4 -22.324
8.41 -22.3196
8.42 -22.3152
8.43 -22.3109
8.44 -22.3066
8.45 -22.3023
8.46 -22.2979
8.47 -22.2935
8.48 -22.2891
8.49 -22.2846
8.5 -22.28
8.51 -22.2753
8.52 -22.2705
8.53 -22.2657
8.54 -22.2608
8.55 -22.2558
8.56 -22.2508
8.57 -22.2458
8.58 -22.2409
8.59 -22.2359
8.6 -22.231
8.61 -22.2261
8.62 -22.2213
8.63 -22.2165
8.64 -22.2118
8.65 -22.207
8.66 -22.2022
8.67 -22.1975
8.68 -22.1927
8.69 -22.1879
8.7 -22.183
8.71 -22.1781
8.72 -22.1731
8.73 -22.1681
8.74 -22.163
8.75 -22.1579
8.76 -22.1528
8.77 -22.1477
8.78 -22.1425
8.79 -22.1372
8.8 -22.132
8.81 -22.1267
8.82 -22.1215
8.83 -22.1162
8.84 -22.1109
8.85 -22.1056
8.86 -22.1003
8.87 -22.095
8.88 -22.0896
8.89 -22.0843
8.9 -22.079
8.91 -22.0737
8.92 -22.0684
8.93 -22.0631
8.94 -22.0578
8.95 -22.0525
8.96 -22.0472
8.97 -22.0419
8.98 -22.0366
8.99 -22.0313
9 -22.026
