1.000000 -28.891000 -27.276000
1.020101 -28.845774 -27.276000
1.040201 -28.800548 -27.276000
1.060302 -28.755322 -27.276000
1.080402 -28.710095 -27.276000
1.100503 -28.665010 -27.276000
1.120603 -28.625412 -27.276000
1.140704 -28.585814 -27.276000
1.160804 -28.546216 -27.276000
1.180905 -28.506618 -27.276000
1.201005 -28.467231 -27.276000
1.221106 -28.431854 -27.276000
1.241206 -28.396477 -27.276000
1.261307 -28.361101 -27.276000
1.281407 -28.325724 -27.276000
1.301508 -28.290648 -27.276000
1.321608 -28.259291 -27.276000
1.341709 -28.227935 -27.276000
1.361809 -28.196578 -27.276000
1.381910 -28.165221 -27.276000
1.402010 -28.134206 -27.276020
1.422111 -28.106266 -27.276221
1.442211 -28.078327 -27.276422
1.462312 -28.050387 -27.276623
1.482412 -28.022447 -27.276824
1.502513 -27.994759 -27.277000
1.522613 -27.968829 -27.277000
1.542714 -27.942899 -27.277000
1.562814 -27.916970 -27.277000
1.582915 -27.891040 -27.277000
1.603015 -27.865201 -27.277000
1.623116 -27.839874 -27.277000
1.643216 -27.814548 -27.277000
1.663317 -27.789221 -27.277000
1.683417 -27.763894 -27.277000
1.703518 -27.738181 -27.277000
1.723618 -27.710643 -27.277000
1.743719 -27.683106 -27.277000
1.763819 -27.655568 -27.277000
1.783920 -27.628030 -27.277000
1.804020 -27.599608 -27.277000
1.824121 -27.567648 -27.277000
1.844221 -27.535688 -27.277000
1.864322 -27.503729 -27.277000
1.884422 -27.471769 -27.277000
1.904523 -27.438497 -27.277000
1.924623 -27.400709 -27.277000
1.944724 -27.362920 -27.277000
1.964824 -27.325131 -27.277000
1.984925 -27.287342 -27.277000
2.005025 -27.248749 -27.277000
2.025126 -27.207744 -27.277000
2.045226 -27.166739 -27.277000
2.065327 -27.125734 -27.277000
2.085427 -27.084729 -27.277000
2.105528 -27.043668 -27.277000
2.125628 -27.002462 -27.277000
2.145729 -26.961256 -27.277000
2.165829 -26.920050 -27.277000
2.185930 -26.878844 -27.277000
2.206030 -26.838422 -27.277000
2.226131 -26.799829 -27.277000
2.246231 -26.761236 -27.277000
2.266332 -26.722643 -27.277000
2.286432 -26.684050 -27.277000
2.306533 -26.646633 -27.277000
2.326633 -26.611658 -27.277000
2.346734 -26.576683 -27.277000
2.366834 -26.541709 -27.277000
2.386935 -26.506734 -27.277000
2.407035 -26.473377 -27.277070
2.427136 -26.443025 -27.277271
2.447236 -26.412673 -27.277472
2.467337 -26.382322 -27.277673
2.487437 -26.351970 -27.277874
2.507538 -26.322975 -27.278000
2.527638 -26.296241 -27.278000
2.547739 -26.269508 -27.278000
2.567839 -26.242774 -27.278000
2.587940 -26.216040 -27.278000
2.608040 -26.190593 -27.278000
2.628141 -26.167075 -27.278000
2.648241 -26.143558 -27.278000
2.668342 -26.120040 -27.278000
2.688442 -26.096523 -27.278000
2.708543 -26.074116 -27.278000
2.728643 -26.053211 -27.278000
2.748744 -26.032307 -27.278000
2.768844 -26.011402 -27.278000
2.788945 -25.990497 -27.278000
2.809045 -25.970497 -27.278000
2.829146 -25.951603 -27.278000
2.849246 -25.932709 -27.278000
2.869347 -25.913814 -27.278000
2.889447 -25.894920 -27.278000
2.909548 -25.876884 -27.278000
2.929648 -25.859799 -27.278000
2.949749 -25.842714 -27.278000
2.969849 -25.825628 -27.278000
2.989950 -25.808543 -27.278000
3.010050 -25.792060 -27.278000
3.030151 -25.776181 -27.278000
3.050251 -25.760302 -27.278000
3.070352 -25.744422 -27.278000
3.090452 -25.728543 -27.278000
3.110553 -25.713508 -27.278000
3.130653 -25.699236 -27.278000
3.150754 -25.684965 -27.278000
3.170854 -25.670693 -27.278000
3.190955 -25.656422 -27.278000
3.211055 -25.643035 -27.277889
3.231156 -25.630372 -27.277688
3.251256 -25.617709 -27.277487
3.271357 -25.605045 -27.277286
3.291457 -25.592382 -27.277085
3.311558 -25.579603 -27.277000
3.331658 -25.566739 -27.277000
3.351759 -25.553874 -27.277000
3.371859 -25.541010 -27.277000
3.391960 -25.528146 -27.277000
3.412060 -25.514437 -27.276879
3.432161 -25.500166 -27.276678
3.452261 -25.485894 -27.276477
3.472362 -25.471623 -27.276276
3.492462 -25.457352 -27.276075
3.512563 -25.441824 -27.275874
3.532663 -25.425543 -27.275673
3.552764 -25.409261 -27.275472
3.572864 -25.392980 -27.275271
3.592965 -25.376698 -27.275070
3.613065 -25.357673 -27.274869
3.633166 -25.337171 -27.274668
3.653266 -25.316668 -27.274467
3.673367 -25.296166 -27.274266
3.693467 -25.275663 -27.274065
3.713568 -25.251226 -27.273729
3.733668 -25.224894 -27.273327
3.753769 -25.198563 -27.272925
3.773869 -25.172231 -27.272523
3.793970 -25.145899 -27.272121
3.814070 -25.113095 -27.271437
3.834171 -25.077518 -27.270633
3.854271 -25.041940 -27.269829
3.874372 -25.006362 -27.269025
3.894472 -24.970784 -27.268221
3.914573 -24.910578 -27.266688
3.934673 -24.841030 -27.264879
3.954774 -24.771482 -27.263070
3.974874 -24.701935 -27.261261
3.994975 -24.632387 -27.259452
4.015075 -24.439673 -27.253724
4.035176 -24.205905 -27.246688
4.055276 -23.972136 -27.239653
4.075377 -23.738367 -27.232618
4.095477 -23.504598 -27.225583
4.115578 -23.227523 -27.199387
4.135678 -22.937874 -27.167628
4.155779 -22.648226 -27.135869
4.175879 -22.358578 -27.104111
4.195980 -22.068930 -27.072352
4.216080 -21.979482 -27.238704
4.236181 -21.940085 -27.454583
4.256281 -21.900688 -27.670462
4.276382 -21.861291 -27.886342
4.296482 -21.821894 -28.102221
4.316583 -21.835231 -28.173663
4.336683 -21.859754 -28.214467
4.356784 -21.884276 -28.255271
4.376884 -21.908799 -28.296075
4.396985 -21.933322 -28.336879
4.417085 -21.941442 -28.292427
4.437186 -21.946668 -28.232930
4.457286 -21.951894 -28.173432
4.477387 -21.957121 -28.113935
4.497487 -21.962347 -28.054437
4.517588 -21.950513 -28.024487
4.537688 -21.936241 -27.998759
4.557789 -21.921970 -27.973030
4.577889 -21.907698 -27.947302
4.597990 -21.893427 -27.921573
4.618090 -21.863960 -27.907060
4.638191 -21.832804 -27.893794
4.658291 -21.801648 -27.880528
4.678392 -21.770492 -27.867261
4.698492 -21.739337 -27.853995
4.718593 -21.698327 -27.822322
4.738693 -21.656518 -27.789156
4.758794 -21.614709 -27.755990
4.778894 -21.572899 -27.722824
4.798995 -21.531090 -27.689658
4.819095 -21.493291 -27.640643
4.839196 -21.455704 -27.590794
4.859296 -21.418116 -27.540945
4.879397 -21.380528 -27.491095
4.899497 -21.342940 -27.441246
4.919598 -21.329457 -27.317905
4.939698 -21.316593 -27.192678
4.959799 -21.303729 -27.067452
4.979899 -21.290864 -26.942226
5.000000 -21.278000 -26.817000
