1.000000 -27.891000 -24.299000
1.020101 -27.849995 -24.299201
1.040201 -27.808990 -24.299402
1.060302 -27.767985 -24.299603
1.080402 -27.726980 -24.299804
1.100503 -27.685658 -24.300010
1.120603 -27.631990 -24.300412
1.140704 -27.578322 -24.300814
1.160804 -27.524653 -24.301216
1.180905 -27.470985 -24.301618
1.201005 -27.416814 -24.302020
1.221106 -27.353095 -24.302422
1.241206 -27.289377 -24.302824
1.261307 -27.225658 -24.303226
1.281407 -27.161940 -24.303628
1.301508 -27.098146 -24.304030
1.321608 -27.033422 -24.304432
1.341709 -26.968698 -24.304834
1.361809 -26.903975 -24.305236
1.381910 -26.839251 -24.305638
1.402010 -26.775131 -24.306040
1.422111 -26.716437 -24.306442
1.442211 -26.657744 -24.306844
1.462312 -26.599050 -24.307246
1.482412 -26.540357 -24.307648
1.502513 -26.482593 -24.308050
1.522613 -26.431337 -24.308452
1.542714 -26.380080 -24.308854
1.562814 -26.328824 -24.309256
1.582915 -26.277568 -24.309658
1.603015 -26.227367 -24.310060
1.623116 -26.183146 -24.310462
1.643216 -26.138925 -24.310864
1.663317 -26.094704 -24.311266
1.683417 -26.050482 -24.311668
1.703518 -26.007141 -24.312106
1.723618 -25.967945 -24.312709
1.743719 -25.928749 -24.313312
1.763819 -25.889553 -24.313915
1.783920 -25.850357 -24.314518
1.804020 -25.811603 -24.315121
1.824121 -25.774618 -24.315724
1.844221 -25.737633 -24.316327
1.864322 -25.700648 -24.316930
1.884422 -25.663663 -24.317533
1.904523 -25.626905 -24.318136
1.924623 -25.590925 -24.318739
1.944724 -25.554945 -24.319342
1.964824 -25.518965 -24.319945
1.984925 -25.482985 -24.320548
2.005025 -25.447106 -24.321151
2.025126 -25.411528 -24.321754
2.045226 -25.375950 -24.322357
2.065327 -25.340372 -24.322960
2.085427 -25.304794 -24.323563
2.105528 -25.269824 -24.324221
2.125628 -25.236457 -24.325025
2.145729 -25.203090 -24.325829
2.165829 -25.169724 -24.326633
2.185930 -25.136357 -24.327437
2.206030 -25.103894 -24.328181
2.226131 -25.073543 -24.328784
2.246231 -25.043191 -24.329387
2.266332 -25.012839 -24.329990
2.286432 -24.982487 -24.330593
2.306533 -24.953377 -24.331327
2.326633 -24.926844 -24.332332
2.346734 -24.900312 -24.333337
2.366834 -24.873779 -24.334342
2.386935 -24.847246 -24.335347
2.407035 -24.822191 -24.336281
2.427136 -24.799879 -24.337085
2.447236 -24.777568 -24.337889
2.467337 -24.755256 -24.338693
2.487437 -24.732945 -24.339497
2.507538 -24.711915 -24.340377
2.527638 -24.693020 -24.341382
2.547739 -24.674126 -24.342387
2.567839 -24.655231 -24.343392
2.587940 -24.636337 -24.344397
2.608040 -24.618729 -24.345402
2.628141 -24.603050 -24.346407
2.648241 -24.587372 -24.347412
2.668342 -24.571693 -24.348417
2.688442 -24.556015 -24.349422
2.708543 -24.541447 -24.350513
2.728643 -24.528382 -24.351719
2.748744 -24.515317 -24.352925
2.768844 -24.502251 -24.354131
2.788945 -24.489186 -24.355337
2.809045 -24.476844 -24.356543
2.829146 -24.465387 -24.357749
2.849246 -24.453930 -24.358955
2.869347 -24.442472 -24.360161
2.889447 -24.431015 -24.361367
2.909548 -24.420226 -24.362573
2.929648 -24.410176 -24.363779
2.949749 -24.400126 -24.364985
2.969849 -24.390075 -24.366191
2.989950 -24.380025 -24.367397
3.010050 -24.370578 -24.368704
3.030151 -24.361734 -24.370111
3.050251 -24.352889 -24.371518
3.070352 -24.344045 -24.372925
3.090452 -24.335201 -24.374332
3.110553 -24.326568 -24.375844
3.130653 -24.318126 -24.377452
3.150754 -24.309683 -24.379060
3.170854 -24.301241 -24.380668
3.190955 -24.292799 -24.382276
3.211055 -24.284136 -24.383884
3.231156 -24.275291 -24.385492
3.251256 -24.266447 -24.387101
3.271357 -24.257603 -24.388709
3.291457 -24.248759 -24.390317
3.311558 -24.239221 -24.392040
3.331658 -24.229171 -24.393849
3.351759 -24.219121 -24.395658
3.371859 -24.209070 -24.397467
3.391960 -24.199020 -24.399276
3.412060 -24.187281 -24.401206
3.432161 -24.174417 -24.403216
3.452261 -24.161553 -24.405226
3.472362 -24.148688 -24.407236
3.492462 -24.135824 -24.409246
3.512563 -24.120950 -24.411382
3.532663 -24.104869 -24.413593
3.552764 -24.088789 -24.415804
3.572864 -24.072709 -24.418015
3.592965 -24.056628 -24.420226
3.613065 -24.038065 -24.422437
3.633166 -24.018166 -24.424648
3.653266 -23.998266 -24.426859
3.673367 -23.978367 -24.429070
3.693467 -23.958467 -24.431281
3.713568 -23.934905 -24.433764
3.733668 -23.909578 -24.436377
3.753769 -23.884251 -24.438990
3.773869 -23.858925 -24.441603
3.793970 -23.833598 -24.444216
3.814070 -23.800814 -24.446829
3.834171 -23.764834 -24.449442
3.854271 -23.728854 -24.452055
3.874372 -23.692874 -24.454668
3.894472 -23.656894 -24.457281
3.914573 -23.600658 -24.460186
3.934673 -23.536739 -24.463201
3.954774 -23.472819 -24.466216
3.974874 -23.408899 -24.469231
3.994975 -23.344980 -24.472246
4.015075 -23.237643 -24.476618
4.035176 -23.115834 -24.481442
4.055276 -22.994025 -24.486266
4.075377 -22.872216 -24.491090
4.095477 -22.750407 -24.495915
4.115578 -22.611618 -24.521457
4.135678 -22.467899 -24.553015
4.155779 -22.324181 -24.584573
4.175879 -22.180462 -24.616131
4.195980 -22.036744 -24.647688
4.216080 -21.977769 -24.743407
4.236181 -21.939980 -24.855166
4.256281 -21.902191 -24.966925
4.276382 -21.864402 -25.078683
4.296482 -21.826613 -25.190442
4.316583 -21.839236 -25.279317
4.336683 -21.862553 -25.363337
4.356784 -21.885869 -25.447357
4.376884 -21.909186 -25.531377
4.396985 -21.932503 -25.615397
4.417085 -21.939588 -25.705568
4.437186 -21.943809 -25.796824
4.457286 -21.948030 -25.888080
4.477387 -21.952251 -25.979337
4.497487 -21.956472 -26.070593
4.517588 -21.944161 -26.167829
4.537688 -21.929487 -26.265920
4.557789 -21.914814 -26.364010
4.577889 -21.900141 -26.462101
4.597990 -21.885467 -26.560191
4.618090 -21.856683 -26.607085
4.638191 -21.826332 -26.648291
4.658291 -21.795980 -26.689497
4.678392 -21.765628 -26.730704
4.698492 -21.735276 -26.771910
4.718593 -21.694698 -26.789688
4.738693 -21.653291 -26.805568
4.758794 -21.611884 -26.821447
4.778894 -21.570477 -26.837327
4.798995 -21.529070 -26.853206
4.819095 -21.491482 -26.879015
4.839196 -21.454095 -26.905347
4.859296 -21.416709 -26.931678
4.879397 -21.379322 -26.958010
4.899497 -21.341935 -26.984342
4.919598 -21.328261 -26.940121
4.939698 -21.315196 -26.894090
4.959799 -21.302131 -26.848060
4.979899 -21.289065 -26.802030
5.000000 -21.276000 -26.756000
