1.000000 -25.658000 -21.904000
1.020101 -25.636492 -21.911236
1.040201 -25.614985 -21.918472
1.060302 -25.593477 -21.925709
1.080402 -25.571970 -21.932945
1.100503 -25.550246 -21.940191
1.120603 -25.520095 -21.947829
1.140704 -25.489945 -21.955467
1.160804 -25.459794 -21.963106
1.180905 -25.429643 -21.970744
1.201005 -25.399060 -21.978402
1.221106 -25.360266 -21.986442
1.241206 -25.321472 -21.994482
1.261307 -25.282678 -22.002523
1.281407 -25.243884 -22.010563
1.301508 -25.204804 -22.018603
1.321608 -25.162191 -22.026643
1.341709 -25.119578 -22.034683
1.361809 -25.076965 -22.042724
1.381910 -25.034352 -22.050764
1.402010 -24.991960 -22.058864
1.422111 -24.951558 -22.067508
1.442211 -24.911156 -22.076151
1.462312 -24.870754 -22.084794
1.482412 -24.830352 -22.093437
1.502513 -24.790603 -22.102106
1.522613 -24.755427 -22.110950
1.542714 -24.720251 -22.119794
1.562814 -24.685075 -22.128638
1.582915 -24.649899 -22.137482
1.603015 -24.615538 -22.146357
1.623116 -24.585789 -22.155402
1.643216 -24.556040 -22.164447
1.663317 -24.526291 -22.173492
1.683417 -24.496543 -22.182538
1.703518 -24.467603 -22.191653
1.723618 -24.442477 -22.201101
1.743719 -24.417352 -22.210548
1.763819 -24.392226 -22.219995
1.783920 -24.367101 -22.229442
1.804020 -24.342538 -22.238930
1.824121 -24.320226 -22.248578
1.844221 -24.297915 -22.258226
1.864322 -24.275603 -22.267874
1.884422 -24.253291 -22.277523
1.904523 -24.231206 -22.287216
1.924623 -24.209899 -22.297065
1.944724 -24.188593 -22.306915
1.964824 -24.167286 -22.316764
1.984925 -24.145980 -22.326613
2.005025 -24.124824 -22.336513
2.025126 -24.104121 -22.346563
2.045226 -24.083417 -22.356613
2.065327 -24.062714 -22.366663
2.085427 -24.042010 -22.376714
2.105528 -24.021417 -22.386819
2.125628 -24.001116 -22.397070
2.145729 -23.980814 -22.407322
2.165829 -23.960513 -22.417573
2.185930 -23.940211 -22.427824
2.206030 -23.920332 -22.438196
2.226131 -23.901437 -22.448849
2.246231 -23.882543 -22.459503
2.266332 -23.863648 -22.470156
2.286432 -23.844754 -22.480809
2.306533 -23.826513 -22.491462
2.326633 -23.809628 -22.502116
2.346734 -23.792744 -22.512769
2.366834 -23.775859 -22.523422
2.386935 -23.758975 -22.534075
2.407035 -23.743005 -22.544799
2.427136 -23.728734 -22.555653
2.447236 -23.714462 -22.566508
2.467337 -23.700191 -22.577362
2.487437 -23.685920 -22.588216
2.507538 -23.672402 -22.599146
2.527638 -23.660141 -22.610201
2.547739 -23.647879 -22.621256
2.567839 -23.635618 -22.632312
2.587940 -23.623357 -22.643367
2.608040 -23.611980 -22.654422
2.628141 -23.601930 -22.665477
2.648241 -23.591879 -22.676533
2.668342 -23.581829 -22.687588
2.688442 -23.571779 -22.698643
2.708543 -23.562583 -22.709784
2.728643 -23.554543 -22.721040
2.748744 -23.546503 -22.732296
2.768844 -23.538462 -22.743553
2.788945 -23.530422 -22.754809
2.809045 -23.523106 -22.766065
2.829146 -23.516673 -22.777322
2.849246 -23.510241 -22.788578
2.869347 -23.503809 -22.799834
2.889447 -23.497377 -22.811090
2.909548 -23.491804 -22.822442
2.929648 -23.487181 -22.833899
2.949749 -23.482558 -22.845357
2.969849 -23.477935 -22.856814
2.989950 -23.473312 -22.868271
3.010050 -23.469392 -22.879628
3.030151 -23.466176 -22.890884
3.050251 -23.462960 -22.902141
3.070352 -23.459744 -22.913397
3.090452 -23.456528 -22.924653
3.110553 -23.454050 -22.936015
3.130653 -23.452241 -22.947472
3.150754 -23.450432 -22.958930
3.170854 -23.448623 -22.970387
3.190955 -23.446814 -22.981844
3.211055 -23.445779 -22.993191
3.231156 -23.445377 -23.004447
3.251256 -23.444975 -23.015704
3.271357 -23.444573 -23.026960
3.291457 -23.444171 -23.038216
3.311558 -23.444347 -23.049588
3.331658 -23.444950 -23.061045
3.351759 -23.445553 -23.072503
3.371859 -23.446156 -23.083960
3.391960 -23.446759 -23.095417
3.412060 -23.447482 -23.106754
3.432161 -23.448286 -23.118010
3.452261 -23.449090 -23.129266
3.472362 -23.449894 -23.140523
3.492462 -23.450698 -23.151779
3.512563 -23.451000 -23.162910
3.532663 -23.451000 -23.173965
3.552764 -23.451000 -23.185020
3.572864 -23.451000 -23.196075
3.592965 -23.451000 -23.207131
3.613065 -23.449302 -23.218186
3.633166 -23.446688 -23.229241
3.653266 -23.444075 -23.240296
3.673367 -23.441462 -23.251352
3.693467 -23.438849 -23.262407
3.713568 -23.433251 -23.273327
3.733668 -23.426216 -23.284181
3.753769 -23.419181 -23.295035
3.773869 -23.412146 -23.305889
3.793970 -23.405111 -23.316744
3.814070 -23.391744 -23.327598
3.834171 -23.375663 -23.338452
3.854271 -23.359583 -23.349307
3.874372 -23.343503 -23.360161
3.894472 -23.327422 -23.371015
3.914573 -23.303618 -23.381578
3.934673 -23.276884 -23.392030
3.954774 -23.250151 -23.402482
3.974874 -23.223417 -23.412935
3.994975 -23.196683 -23.423387
4.015075 -23.163166 -23.433839
4.035176 -23.127387 -23.444291
4.055276 -23.091608 -23.454744
4.075377 -23.055829 -23.465196
4.095477 -23.020050 -23.475648
4.115578 -22.978508 -23.485789
4.135678 -22.935291 -23.495839
4.155779 -22.892075 -23.505889
4.175879 -22.848859 -23.515940
4.195980 -22.805643 -23.525990
4.216080 -22.757121 -23.536844
4.236181 -22.707271 -23.547899
4.256281 -22.657422 -23.558955
4.276382 -22.607573 -23.570010
4.296482 -22.557724 -23.581065
4.316583 -22.507543 -23.595271
4.336683 -22.457291 -23.610146
4.356784 -22.407040 -23.625020
4.376884 -22.356789 -23.639894
4.396985 -22.306538 -23.654769
4.417085 -22.262950 -23.675623
4.437186 -22.220538 -23.697533
4.457286 -22.178126 -23.719442
4.477387 -22.135714 -23.741352
4.497487 -22.093302 -23.763261
4.517588 -22.057925 -23.785874
4.537688 -22.023553 -23.808588
4.557789 -21.989181 -23.831302
4.577889 -21.954809 -23.854015
4.597990 -21.920437 -23.876729
4.618090 -21.885523 -23.894739
4.638191 -21.850548 -23.912226
4.658291 -21.815573 -23.929714
4.678392 -21.780598 -23.947201
4.698492 -21.745623 -23.964688
4.718593 -21.707302 -23.981804
4.738693 -21.668709 -23.998889
4.758794 -21.630116 -24.015975
4.778894 -21.591523 -24.033060
4.798995 -21.552930 -24.050146
4.819095 -21.516628 -24.089955
4.839196 -21.480447 -24.130960
4.859296 -21.444266 -24.171965
4.879397 -21.408085 -24.212970
4.899497 -21.371905 -24.253975
4.919598 -21.355714 -24.323201
4.939698 -21.340035 -24.393151
4.959799 -21.324357 -24.463101
4.979899 -21.308678 -24.533050
5.000000 -21.293000 -24.603000
